1, 4
1, 14
2, 4
2, 14
3, 4
3, 14
3, 45
4, 4
4, 14
4, 45
4, 46
4, 51
4, 58
5, 4
5, 14
5, 45
5, 46
5, 51
5, 58
6, 4
6, 14
6, 45
6, 46
6, 51
6, 58
6, 92
7, 4
7, 14
7, 45
7, 46
7, 51
7, 58
7, 92
7, 100
7, 109
8, 4
8, 14
8, 45
8, 46
8, 51
8, 58
8, 92
8, 100
8, 109
8, 113
8, 115
8, 120
9, 4
9, 14
9, 45
9, 46
9, 51
9, 58
9, 92
9, 100
9, 109
9, 113
9, 115
9, 120
9, 145
10, 4
10, 14
10, 45
10, 46
10, 51
10, 58
10, 92
10, 100
10, 109
10, 113
10, 115
10, 120
10, 145
10, 158
11, 4
11, 14
11, 45
11, 46
11, 51
11, 58
11, 92
11, 100
11, 109
11, 113
11, 115
11, 120
11, 145
11, 158
11, 170
12, 4
12, 14
12, 45
12, 46
12, 51
12, 58
12, 92
12, 100
12, 109
12, 113
12, 115
12, 120
12, 145
12, 158
12, 170
12, 192
12, 193
12, 194
13, 4
13, 14
13, 45
13, 46
13, 51
13, 58
13, 92
13, 100
13, 109
13, 113
13, 115
13, 120
13, 145
13, 158
13, 170
13, 192
13, 193
13, 194
14, 4
14, 14
14, 45
14, 46
14, 51
14, 58
14, 92
14, 100
14, 109
14, 113
14, 115
14, 120
14, 145
14, 158
14, 170
14, 192
14, 193
14, 194
14, 214
14, 216
15, 4
15, 14
15, 45
15, 46
15, 51
15, 58
15, 92
15, 100
15, 109
15, 113
15, 115
15, 120
15, 145
15, 158
15, 170
15, 192
15, 193
15, 194
15, 214
15, 216
15, 234
